{
  "token_acc":1.0,
  "token_p":1.0,
  "token_r":1.0,
  "token_f":1.0,
  "ents_p":0.928,
  "ents_r":0.9133858268,
  "ents_f":0.9206349206,
  "ents_per_type":{
    "tasting":{
      "p":0.9336492891,
      "r":0.9162790698,
      "f":0.9248826291
    },
    "farmer":{
      "p":0.7142857143,
      "r":0.8333333333,
      "f":0.7692307692
    },
    "country":{
      "p":0.9375,
      "r":0.9090909091,
      "f":0.9230769231
    }
  },
  "speed":42816.0422758994
}